# TIC     |   RA      |   Dec     | EclipticLong | EclipticLat | Sector | Camera | Ccd | ColPix | RowPix
000000001 |  84.291208 | -79.530889 | 274.582879 | -76.937036 |  1 | 4 | 2 | 1495.478 |  371.759
000000001 |  84.291208 | -79.530889 | 274.582879 | -76.937036 |  4 | 4 | 3 |  247.905 |  835.806
000000001 |  84.291208 | -79.530889 | 274.582879 | -76.937036 |  5 | 4 | 3 | 1047.588 |  104.399
000000001 |  84.291208 | -79.530889 | 274.582879 | -76.937036 |  7 | 4 | 4 |  958.379 |   38.642
000000001 |  84.291208 | -79.530889 | 274.582879 | -76.937036 |  8 | 4 | 4 | 1778.862 |  687.624
000000001 |  84.291208 | -79.530889 | 274.582879 | -76.937036 | 11 | 4 | 1 |  431.818 |  581.522
000000001 |  84.291208 | -79.530889 | 274.582879 | -76.937036 | 12 | 3 | 4 |  795.879 |   47.109
000000001 |  84.291208 | -79.530889 | 274.582879 | -76.937036 | 13 | 3 | 3 | 1882.221 |  195.266
000000003 | 102.079875 |  -2.897833 | 103.417141 | -25.777627 |  6 | 1 | 2 | 1643.429 |  683.532
000000006 | 102.194667 |   0.672778 | 103.184262 | -22.211510 |  6 | 1 | 2 | 1636.006 | 1317.452
000000007 | 101.277250 |   0.815250 | 102.183957 | -22.149740 |  6 | 1 | 2 | 1471.429 | 1340.165
000000009 | 100.956125 |  -0.936972 | 101.994919 | -23.922629 |  6 | 1 | 2 | 1426.536 | 1032.282
000000014 | 100.765667 |  -0.703583 | 101.766555 | -23.705628 |  6 | 1 | 2 | 1391.072 | 1073.092
000000015 | 102.721125 |  -4.913583 | 104.346318 | -27.722919 |  6 | 1 | 2 | 1779.298 |  314.517
000000016 | 103.424167 |  -4.463972 | 105.080552 | -27.204573 |  6 | 1 | 2 | 1904.631 |  395.459
000000017 |  97.115917 |   6.186250 |  97.398269 | -17.071964 |  6 | 1 | 3 | 1417.543 | 1952.092
000000020 |  98.172333 |   0.031583 |  98.890194 | -23.157322 |  6 | 1 | 2 |  931.716 | 1196.282
000000021 |  97.033500 |   0.170667 |  97.645275 | -23.083640 |  6 | 1 | 2 |  733.890 | 1217.538
000000022 |  97.720417 |   0.226917 |  98.387170 | -22.989352 |  6 | 1 | 2 |  852.317 | 1229.034
000000023 | 101.052458 |   0.299139 | 101.988167 | -22.682786 |  6 | 1 | 2 | 1435.051 | 1249.451
000000026 | 101.922542 |  -2.280694 | 103.181130 | -25.177485 |  6 | 1 | 2 | 1609.830 |  794.377
000000027 | 101.922542 |  -2.280694 | 103.181130 | -25.177485 |  6 | 1 | 2 | 1609.830 |  794.377
000000033 | 100.195167 |   9.257444 | 100.360207 | -13.817371 |  6 | 1 | 3 |  903.063 | 1406.443
000000037 | 163.032417 |   0.493361 | 164.167415 |  -6.210789 |  9 | 1 | 4 | 1404.819 |   44.473
000000038 |  55.228417 |  12.572611 |  55.896802 |  -6.847106 |  5 | 1 | 4 | 1732.690 |  161.693
000000039 | 127.882958 |  11.738944 | 127.270932 |  -6.935012 |  7 | 1 | 3 |  819.483 |  182.802
000000040 | 126.553458 |  12.281944 | 125.867760 |  -6.723319 |  7 | 1 | 3 | 1067.479 |  143.201
000000055 |  76.867333 |  16.867722 |  77.367619 |  -5.999256 |  5 | 1 | 3 |   73.649 |    5.875
000000066 | 153.716042 | -46.843194 | 181.145116 | -52.164059 |  9 | 2 | 2 |  937.568 |  275.631
000000066 | 153.716042 | -46.843194 | 181.145116 | -52.164059 | 10 | 2 | 1 |  238.997 |   69.991
000000091 | 108.825000 |  14.262611 | 108.404834 |  -7.983254 |  7 | 1 | 4 | 1970.804 |  373.239
000000097 | 123.949917 |   5.836750 | 124.856338 | -13.590161 |  7 | 1 | 3 | 1289.704 | 1358.100
000000102 | 123.250750 |   4.787000 | 124.402899 | -14.770561 |  7 | 1 | 3 | 1371.792 | 1559.581
000000109 | 135.344417 |   6.097222 | 135.979699 | -10.402457 |  8 | 1 | 4 | 1726.585 |  811.802
000000110 | 128.925750 |  10.206667 | 128.656319 |  -8.163722 |  7 | 1 | 3 |  584.964 |  409.594
000000117 | 118.063333 |  12.139417 | 117.719836 |  -8.641220 |  7 | 1 | 4 |  320.739 |  486.319
000000129 | 176.739083 | -21.437000 | 185.943395 | -20.877930 | 10 | 1 | 1 |   74.265 | 1526.390
000000131 |  94.112083 | -21.453111 |  95.394743 | -44.816959 |  6 | 2 | 2 |  280.380 | 1614.632
000000133 |  88.146750 | -18.968333 |  87.622748 | -42.393949 |  6 | 2 | 1 | 1480.297 | 2006.551
000000134 | 208.857000 | -20.792306 | 214.134920 |  -8.406724 | 11 | 1 | 4 | 2048.906 |  453.273
000000140 | 316.961458 | -25.903333 | 311.730226 |  -9.008515 |  1 | 1 | 4 |  674.414 |  553.590
000000141 | 313.215458 | -24.312667 | 308.904496 |  -6.519241 |  1 | 1 | 4 | 1185.938 |  103.259
000000143 | 358.558500 | -29.987000 | 345.813775 | -26.736476 |  2 | 1 | 2 |  369.029 |  589.655
000000144 | 192.190500 | -46.386306 | 212.016808 | -37.323314 | 10 | 2 | 3 |  322.898 | 1429.076
000000144 | 192.190500 | -46.386306 | 212.016808 | -37.323314 | 11 | 2 | 4 | 1910.930 | 1450.148
000000145 | 173.958000 | -28.844000 | 187.019895 | -28.638987 | 10 | 1 | 1 |  325.710 |  148.751
000000146 | 147.406792 | -32.781500 | 164.219917 | -42.602690 |  9 | 2 | 1 | 1136.626 | 1942.266
000000147 | 198.133500 | -44.409444 | 215.390718 | -33.613305 | 11 | 2 | 4 | 1522.964 |  739.617
000000148 | 280.185000 | -57.540750 | 276.595495 | -34.332977 | 13 | 2 | 4 |  636.453 |  806.811
000000149 | 174.009000 | -28.456694 | 186.867128 | -28.272969 | 10 | 1 | 1 |  297.979 |  213.805
000000150 | 286.366500 | -49.932639 | 281.758500 | -27.157941 | 13 | 1 | 2 |   89.029 |  519.009
000000151 | 268.890000 | -60.252694 | 269.308209 | -36.814461 | 13 | 2 | 4 | 1626.867 | 1323.083
000000153 | 144.926833 | -27.414417 | 158.587889 | -38.707196 |  8 | 2 | 3 |  480.415 | 1652.904
000000153 | 144.926833 | -27.414417 | 158.587889 | -38.707196 |  9 | 2 | 4 | 1837.976 | 1685.401
000000154 | 193.552500 | -45.412278 | 212.464023 | -36.012449 | 10 | 2 | 3 |  219.641 | 1207.958
000000154 | 193.552500 | -45.412278 | 212.464023 | -36.012449 | 11 | 2 | 4 | 1886.866 | 1211.974
000000156 | 285.096000 | -53.106806 | 280.419450 | -30.210818 | 13 | 2 | 4 |  100.217 |   54.822
000000157 |   5.618708 | -58.057444 | 331.147567 | -53.049279 |  2 | 2 | 1 |  858.165 |   48.098
000000158 | 191.703000 | -23.572639 | 200.164590 | -17.034683 | 10 | 1 | 3 | 1908.851 | 1938.665
000000159 | 346.075500 | -20.728056 | 339.061030 | -13.602892 |  2 | 1 | 4 |  693.130 | 1356.301
000000160 | 294.633000 | -54.669889 | 286.629332 | -32.642453 | 13 | 2 | 3 | 1351.033 |  510.162
000000161 |   0.774500 | -61.530667 | 324.194658 | -54.006795 |  1 | 3 | 1 | 1281.639 |   54.335
000000161 |   0.774500 | -61.530667 | 324.194658 | -54.006795 |  2 | 3 | 2 | 1971.834 |  255.966
000000162 | 296.688000 | -62.434389 | 285.847643 | -40.454510 | 13 | 2 | 3 | 1541.581 | 1859.819
000000164 | 112.419292 | -28.062111 | 120.943143 | -49.122325 |  7 | 2 | 2 |  121.456 |  875.947
000000165 | 100.571250 | -28.223194 | 104.918769 | -51.117839 |  6 | 2 | 2 | 1299.885 |  411.222
000000165 | 100.571250 | -28.223194 | 104.918769 | -51.117839 |  7 | 2 | 1 |  519.247 |  338.273
000000166 | 103.517417 | -26.949611 | 108.715102 | -49.515759 |  6 | 2 | 2 | 1776.849 |  608.839
000000166 | 103.517417 | -26.949611 | 108.715102 | -49.515759 |  7 | 2 | 1 |  910.774 |  705.479
000000167 | 108.452417 | -32.562667 | 117.181579 | -54.275599 |  7 | 3 | 2 |  246.756 |   55.113
000000168 |  80.538167 | -29.029167 |  76.486306 | -52.027201 |  5 | 2 | 2 | 1133.174 |  272.811
000000168 |  80.538167 | -29.029167 |  76.486306 | -52.027201 |  6 | 2 | 1 |  361.878 |  129.657
000000169 |  84.326708 | -26.027389 |  82.164569 | -49.314146 |  5 | 2 | 2 | 1847.599 |  629.896
000000169 |  84.326708 | -26.027389 |  82.164569 | -49.314146 |  6 | 2 | 1 |  934.515 |  745.392
000000170 | 101.994292 | -20.089306 | 105.445182 | -42.889010 |  6 | 2 | 2 | 1557.898 | 1831.920
000000170 | 101.994292 | -20.089306 | 105.445182 | -42.889010 |  7 | 2 | 1 |  342.718 | 1785.501
000000171 |   6.702417 | -55.683889 | 334.401804 | -51.623705 |  1 | 2 | 2 | 2035.966 |  146.979
000000171 |   6.702417 | -55.683889 | 334.401804 | -51.623705 |  2 | 2 | 1 | 1182.306 |  364.766
000000173 | 102.847500 | -28.941389 | 108.240830 | -51.571618 |  6 | 2 | 2 | 1660.926 |  254.035
000000173 | 102.847500 | -28.941389 | 108.240830 | -51.571618 |  7 | 2 | 1 |  902.648 |  331.394
000000174 | 140.087708 | -30.730667 | 155.334177 | -43.489826 |  8 | 2 | 2 | 1123.229 | 1782.823
000000175 | 176.628000 | -32.139944 | 191.102263 | -30.523842 | 10 | 2 | 4 | 1150.624 |  146.899
000000176 | 170.325000 | -21.611833 | 180.194140 | -23.582822 |  9 | 1 | 2 | 1245.242 | 1103.772
000000178 |  61.657792 | -24.650278 |  52.774004 | -44.496738 |  4 | 2 | 2 | 1745.021 | 1518.528
000000178 |  61.657792 | -24.650278 |  52.774004 | -44.496738 |  5 | 2 | 1 |  544.357 | 1535.724
000000180 |  67.418542 | -27.802722 |  58.928457 | -48.836784 |  5 | 2 | 1 | 1367.393 |  884.990
000000181 | 144.287625 | -28.199556 | 158.349153 | -39.656860 |  8 | 2 | 3 |  537.487 | 1812.376
000000181 | 144.287625 | -28.199556 | 158.349153 | -39.656860 |  9 | 2 | 4 | 1842.579 | 1854.400
000000183 | 101.394833 | -32.118306 | 106.911041 | -54.892041 |  6 | 3 | 1 |  742.692 |  303.048
000000183 | 101.394833 | -32.118306 | 106.911041 | -54.892041 |  7 | 3 | 2 | 1276.647 |  274.165
000000184 | 180.208833 | -45.863583 | 202.452687 | -41.105255 | 10 | 2 | 3 | 1675.862 | 1964.386
000000185 |  15.005875 | -57.095250 | 338.662189 | -55.714292 |  2 | 3 | 2 |  446.642 |  327.289
000000186 | 289.297333 | -59.108306 | 282.178066 | -36.480863 | 13 | 2 | 3 | 2010.173 | 1165.674
000000229 | 126.616042 |  10.080389 | 126.459724 |  -8.846210 |  7 | 1 | 3 |  981.412 |  529.491
000000230 | 126.616042 |  10.080389 | 126.459724 |  -8.846210 |  7 | 1 | 3 |  981.412 |  529.491
000000234 | 127.762833 |  10.847583 | 127.376892 |  -7.827962 |  7 | 1 | 3 |  809.884 |  346.627
000000235 | 126.488292 |  11.511139 | 125.990672 |  -7.487080 |  7 | 1 | 3 | 1052.253 |  283.108
000000290 | 161.707250 |  -8.600972 | 166.504496 | -15.109507 |  9 | 1 | 4 |  930.597 | 1619.089
000000291 | 117.415042 | -51.879556 | 146.261739 | -70.014528 |  7 | 3 | 4 | 1503.766 | 1074.979
000000291 | 117.415042 | -51.879556 | 146.261739 | -70.014528 |  9 | 3 | 3 |  645.622 | 1099.131
000000295 | 111.509542 |   7.615778 | 112.012394 | -14.196126 |  7 | 1 | 4 | 1265.202 | 1469.082
000000559 | 340.496208 | -68.830389 | 305.251150 | -53.861403 |  1 | 3 | 2 | 1080.593 |   51.341
000000562 |  82.714375 | -35.369222 |  78.573954 | -58.521553 |  5 | 3 | 1 | 1007.223 |  919.408
000000562 |  82.714375 | -35.369222 |  78.573954 | -58.521553 |  6 | 3 | 2 | 1278.218 |  941.907
000000563 | 215.122875 | -30.798139 | 223.080242 | -15.852756 | 11 | 1 | 4 |  443.583 | 1738.993
000000564 |  94.444792 | -34.293889 |  96.864293 | -57.628842 |  6 | 3 | 1 | 1787.406 |  664.263
000000565 |  89.599000 | -29.188194 |  89.419377 | -52.628276 |  6 | 2 | 1 | 1779.591 |  242.199
000000569 | 163.324625 | -60.594361 | 204.792341 | -58.794552 | 10 | 3 | 1 | 1610.389 |  884.193
000000569 | 163.324625 | -60.594361 | 204.792341 | -58.794552 | 11 | 3 | 2 | 1869.508 | 1146.456
000000570 | 163.101667 | -60.553194 | 204.590525 | -58.847248 | 10 | 3 | 1 | 1629.267 |  891.746
000000570 | 163.101667 | -60.553194 | 204.590525 | -58.847248 | 11 | 3 | 2 | 1884.206 | 1160.985
000000571 | 162.644667 | -60.042806 | 203.572282 | -58.666010 | 10 | 3 | 1 | 1717.143 |  852.773
000000571 | 162.644667 | -60.042806 | 203.572282 | -58.666010 | 11 | 3 | 2 | 1986.612 | 1159.571
000000572 | 167.328042 | -60.904750 | 207.758785 | -57.579011 | 10 | 3 | 1 | 1313.937 |  702.123
000000572 | 167.328042 | -60.904750 | 207.758785 | -57.579011 | 11 | 3 | 2 | 1669.704 |  861.553
000000573 | 160.059958 | -61.544389 | 204.127660 | -60.606509 | 10 | 3 | 1 | 1698.279 | 1192.689
000000573 | 160.059958 | -61.544389 | 204.127660 | -60.606509 | 11 | 3 | 2 | 1814.835 | 1468.799
000000574 | 166.979917 | -60.853722 | 207.471625 | -57.666531 | 10 | 3 | 1 | 1342.788 |  713.991
000000574 | 166.979917 | -60.853722 | 207.471625 | -57.666531 | 11 | 3 | 2 | 1691.595 |  883.660
000000575 | 203.608875 | -65.418889 | 233.468747 | -50.179192 | 11 | 2 | 2 |  822.391 |  646.453
000000597 | 353.562750 | -41.938583 | 335.142825 | -35.450601 |  2 | 2 | 4 | 1147.423 | 1034.338
000000598 | 359.348917 | -40.722917 | 340.558730 | -36.522168 |  2 | 2 | 4 |  377.015 | 1178.331
000000599 | 348.157292 | -21.326083 | 340.651662 | -14.928446 |  2 | 1 | 4 |  424.748 | 1580.701
000000600 | 311.042583 | -38.774750 | 302.985162 | -19.917517 |  1 | 1 | 1 |   55.342 | 1694.092
000000601 | 359.900292 | -34.968639 | 344.363603 | -31.685822 |  2 | 2 | 3 | 2009.921 |  321.760
000000607 | 208.927958 | -31.840389 | 218.280486 | -18.696220 | 11 | 1 | 1 |  918.007 | 1957.505
000000609 | 239.962292 | -27.938250 | 243.524113 |  -7.216155 | 12 | 1 | 4 | 1741.940 |  231.861
000000610 |  24.354292 | -44.322111 | 359.357516 | -49.322536 |  2 | 2 | 2 | 1808.903 |  636.441
000000610 |  24.354292 | -44.322111 | 359.357516 | -49.322536 |  3 | 2 | 1 |  842.937 |  728.400
000000611 | 148.417000 | -44.340833 | 173.848471 | -52.208782 |  9 | 2 | 2 |  154.363 |  328.324
000000612 |   5.160542 | -22.064278 | 355.476929 | -22.197812 |  2 | 1 | 2 | 1949.196 | 1293.219
000000614 |  52.818000 | -22.180306 |  43.259809 | -39.780639 |  4 | 2 | 3 | 1527.608 | 1744.153
000000615 | 101.127458 | -41.238194 | 109.283018 | -63.935856 |  6 | 3 | 1 |  936.106 | 1901.460
000000615 | 101.127458 | -41.238194 | 109.283018 | -63.935856 |  7 | 3 | 2 |  770.574 | 1803.990
000000617 | 195.359875 | -26.477806 | 204.580552 | -18.344977 | 10 | 1 | 2 |  943.744 | 2022.628
000000620 | 357.879500 | -38.093278 | 340.909165 | -33.672412 |  2 | 2 | 4 |  345.306 |  680.088
000000621 | 358.408458 |  -9.881917 | 354.579723 |  -8.428212 |  2 | 1 | 3 |  172.002 |  462.565
000000622 | 169.438958 | -18.945194 | 178.154564 | -21.520259 |  9 | 1 | 2 |  929.217 | 1478.726
000000625 | 165.399542 | -22.139333 | 175.892704 | -26.017254 |  9 | 1 | 2 |  552.380 |  711.424
000000626 |  76.081792 |  -5.770167 |  74.201396 | -28.451049 |  5 | 1 | 2 | 1283.767 |  231.075
000000627 | 131.580417 |  -7.973139 | 136.460995 | -24.957829 |  8 | 1 | 1 |  627.392 |  849.767
000000631 | 190.618750 | -29.360139 | 201.782508 | -22.702416 | 10 | 1 | 2 |  475.118 | 1290.452
000000632 | 192.981750 | -41.926333 | 210.029864 | -33.130273 | 10 | 2 | 3 |  498.816 |  656.309
000000633 | 154.908375 |  -8.193750 | 159.875186 | -17.321414 |  9 | 1 | 4 | 2038.835 | 2046.763
000000634 |   3.903167 | -10.061833 | 359.529047 | -10.775099 |  3 | 1 | 4 | 1945.293 |  883.381
000000635 |   5.237458 | -34.001722 | 349.494833 | -32.899720 |  2 | 2 | 3 | 1263.128 |  559.722
000000636 | 318.736917 | -54.128306 | 303.048135 | -36.137218 |  1 | 2 | 4 | 1781.542 | 1221.114
000000641 |  91.089458 | -15.034694 |  91.340062 | -38.470496 |  6 | 2 | 4 |  203.899 | 1508.006
000000644 |  31.909250 | -19.338056 |  22.133807 | -30.146858 |  3 | 2 | 3 |  435.158 |  107.835
000000646 | 203.758083 | -16.496472 | 208.034440 |  -6.133964 | 10 | 1 | 3 |  487.280 |   34.662
000000652 |  75.299625 | -25.945861 |  69.907834 | -48.366657 |  5 | 2 | 2 |  448.825 |  996.465
000000653 |  87.139958 | -62.011583 |  73.436495 | -85.287416 |  1 | 4 | 4 |  698.582 | 1738.499
000000653 |  87.139958 | -62.011583 |  73.436495 | -85.287416 |  3 | 4 | 1 | 1437.294 | 1721.953
000000653 |  87.139958 | -62.011583 |  73.436495 | -85.287416 |  4 | 4 | 1 | 1689.775 | 1434.004
000000653 |  87.139958 | -62.011583 |  73.436495 | -85.287416 |  5 | 4 | 1 | 2044.459 | 1295.676
000000653 |  87.139958 | -62.011583 |  73.436495 | -85.287416 |  6 | 4 | 2 |  255.656 | 1336.428
000000653 |  87.139958 | -62.011583 |  73.436495 | -85.287416 |  7 | 4 | 2 |  568.902 | 1538.621
000000653 |  87.139958 | -62.011583 |  73.436495 | -85.287416 |  8 | 4 | 2 |  755.854 | 1855.169
000000653 |  87.139958 | -62.011583 |  73.436495 | -85.287416 |  9 | 4 | 3 | 1354.322 | 1988.989
000000653 |  87.139958 | -62.011583 |  73.436495 | -85.287416 | 10 | 4 | 3 | 1492.338 | 1647.733
000000653 |  87.139958 | -62.011583 |  73.436495 | -85.287416 | 11 | 4 | 3 | 1777.356 | 1398.702
000000653 |  87.139958 | -62.011583 |  73.436495 | -85.287416 | 13 | 4 | 4 |  359.370 | 1399.252
000000654 |  94.336417 | -37.676722 |  97.089293 | -61.010869 |  6 | 3 | 1 | 1808.288 | 1253.348
000000654 |  94.336417 | -37.676722 |  97.089293 | -61.010869 |  7 | 3 | 2 | 1859.668 | 1558.550
000000655 | 101.115042 | -31.141583 | 106.281109 | -53.955853 |  6 | 3 | 1 |  766.848 |  121.065
000000655 | 101.115042 | -31.141583 | 106.281109 | -53.955853 |  7 | 3 | 2 | 1378.985 |  115.481
000000657 | 158.225000 | -33.010194 | 174.955440 | -38.577717 |  9 | 2 | 3 | 1798.104 | 1528.726
000000662 |  29.263375 |   0.758833 |  27.476402 | -10.503065 |  4 | 1 | 4 | 1874.745 |  832.649
000000663 |  41.040000 | -29.830806 |  26.388631 | -43.076202 |  3 | 2 | 2 | 1936.090 | 1736.174
000000663 |  41.040000 | -29.830806 |  26.388631 | -43.076202 |  4 | 2 | 1 |  633.340 | 1798.736
000000664 | 319.949625 | -57.851111 | 302.032199 | -39.835548 |  1 | 2 | 4 | 1816.319 | 1882.866
000000668 |  37.155083 |  -6.939333 |  32.391965 | -20.447566 |  4 | 1 | 1 | 1183.479 | 1667.983
000000669 |  63.756292 | -21.883583 |  56.299319 | -42.302868 |  5 | 2 | 1 |  941.525 | 1973.756
000000670 |  66.370917 | -29.399583 |  56.962336 | -50.165676 |  5 | 2 | 1 | 1165.684 |  626.201
000000673 |  72.660667 |   1.893917 |  71.461493 | -20.438155 |  5 | 1 | 2 |  892.458 | 1666.995
000000674 | 190.152125 | -18.715722 | 196.758530 | -13.178265 | 10 | 1 | 4 |  303.353 | 1279.939
000000678 | 185.324667 | -51.159167 | 210.182524 | -43.745630 | 10 | 2 | 2 | 1404.272 | 1702.969
000000678 | 185.324667 | -51.159167 | 210.182524 | -43.745630 | 11 | 2 | 1 |  180.501 | 1602.361
000000682 | 357.845375 | -69.847167 | 311.775909 | -58.886789 |  1 | 3 | 2 |  345.265 |  884.975
000000685 | 313.783125 | -33.864472 | 306.665413 | -15.828841 |  1 | 1 | 4 | 1493.477 | 1760.606
000000686 | 337.457208 | -47.996944 | 319.329112 | -35.431417 |  1 | 2 | 3 | 1663.619 |  990.301
000000687 |   1.046417 | -46.639389 | 337.970017 | -42.224122 |  2 | 2 | 1 | 1468.949 | 2033.873
000000688 |  24.604333 | -54.227917 | 349.396608 | -57.267809 |  2 | 3 | 1 | 1585.642 |  616.041
000000688 |  24.604333 | -54.227917 | 349.396608 | -57.267809 |  3 | 3 | 2 | 2002.341 |  897.182
000000689 |  58.428750 | -33.671750 |  44.616049 | -52.254630 |  4 | 2 | 2 |  643.267 |  292.919
000000690 |  39.897667 | -49.992000 |   8.487142 | -60.086689 |  3 | 3 | 2 |  196.783 | 1086.515
000000691 |  68.959667 | -63.972972 |   6.615020 | -80.874623 |  1 | 4 | 1 |  930.796 | 1099.465
000000691 |  68.959667 | -63.972972 |   6.615020 | -80.874623 |  2 | 4 | 1 | 1528.941 |  647.639
000000691 |  68.959667 | -63.972972 |   6.615020 | -80.874623 |  3 | 4 | 2 |  104.509 |  525.686
000000691 |  68.959667 | -63.972972 |   6.615020 | -80.874623 |  4 | 4 | 2 |  816.907 |  757.356
000000691 |  68.959667 | -63.972972 |   6.615020 | -80.874623 |  5 | 4 | 2 | 1339.202 | 1288.238
000000691 |  68.959667 | -63.972972 |   6.615020 | -80.874623 |  6 | 4 | 2 | 1558.455 | 1992.299
000000691 |  68.959667 | -63.972972 |   6.615020 | -80.874623 |  7 | 4 | 3 |  701.443 | 1495.265
000000691 |  68.959667 | -63.972972 |   6.615020 | -80.874623 |  8 | 4 | 3 | 1126.859 |  915.495
000000691 |  68.959667 | -63.972972 |   6.615020 | -80.874623 |  9 | 4 | 3 | 1758.296 |  587.401
000000691 |  68.959667 | -63.972972 |   6.615020 | -80.874623 | 10 | 4 | 4 |  314.577 |  572.642
000000691 |  68.959667 | -63.972972 |   6.615020 | -80.874623 | 11 | 4 | 4 |  981.905 |  893.262
000000691 |  68.959667 | -63.972972 |   6.615020 | -80.874623 | 12 | 4 | 4 | 1433.497 | 1494.201
000000691 |  68.959667 | -63.972972 |   6.615020 | -80.874623 | 13 | 4 | 1 |  582.072 | 1970.667
000000692 |  98.351083 | -22.513833 | 101.058702 | -45.634512 |  6 | 2 | 2 |  955.801 | 1430.198
000000696 |  24.167667 | -49.340972 | 354.515535 | -53.331953 |  2 | 2 | 2 | 1161.974 |   25.484
000000696 |  24.167667 | -49.340972 | 354.515535 | -53.331953 |  3 | 3 | 2 | 1719.905 |   63.464
000000697 | 166.429708 |  -4.920583 | 169.447072 |  -9.886182 |  9 | 1 | 4 |  456.563 |  707.633
000000699 | 195.828042 | -48.360333 | 215.944546 | -37.847958 | 11 | 2 | 4 | 1345.670 | 1473.305
000000702 | 328.767625 | -21.387444 | 323.548335 |  -8.193478 |  1 | 1 | 3 |  796.557 |  414.265
000000703 | 339.489292 | -34.846139 | 327.420618 | -24.194127 |  1 | 1 | 2 | 1844.973 |  947.177
000000706 |  36.775375 | -49.715472 |   5.695567 | -58.635597 |  2 | 3 | 1 |  153.152 | 1164.782
000000706 |  36.775375 | -49.715472 |   5.695567 | -58.635597 |  3 | 3 | 2 |  456.067 |  847.477
000000708 |  55.933167 | -64.806167 | 351.308673 | -76.041609 |  1 | 4 | 1 |  722.155 |   91.981
000000708 |  55.933167 | -64.806167 | 351.308673 | -76.041609 |  2 | 3 | 4 |  310.385 |  344.789
000000708 |  55.933167 | -64.806167 | 351.308673 | -76.041609 |  3 | 3 | 3 | 1325.986 |  230.149
000000708 |  55.933167 | -64.806167 | 351.308673 | -76.041609 |  4 | 4 | 2 | 1789.629 |  421.055
000000708 |  55.933167 | -64.806167 | 351.308673 | -76.041609 |  7 | 4 | 3 |  221.374 |  584.501
000000708 |  55.933167 | -64.806167 | 351.308673 | -76.041609 | 11 | 4 | 4 | 1990.012 |  686.281
000000709 |  62.616042 | -44.101778 |  43.011467 | -63.145171 |  4 | 3 | 1 | 1803.534 | 1620.706
000000709 |  62.616042 | -44.101778 |  43.011467 | -63.145171 |  5 | 3 | 2 | 1737.693 | 1914.253
000000710 | 107.600250 | -38.902611 | 118.643361 | -60.604782 |  7 | 3 | 2 |   80.229 | 1172.874
000000711 | 108.301417 | -41.590250 | 121.220808 | -63.060826 |  7 | 3 | 1 | 2038.370 | 1594.605
000000711 | 108.301417 | -41.590250 | 121.220808 | -63.060826 |  8 | 3 | 2 | 1902.802 | 1960.573
000000712 | 289.479375 | -31.140028 | 286.784543 |  -8.827494 | 13 | 1 | 3 | 1166.385 |  525.731
000000713 | 332.714292 | -29.250472 | 324.094253 | -16.809559 |  1 | 1 | 3 |  781.314 | 1929.231
000000714 |  63.373958 | -68.773167 | 335.521633 | -79.730254 |  1 | 4 | 1 | 1550.436 |  419.806
000000714 |  63.373958 | -68.773167 | 335.521633 | -79.730254 |  2 | 4 | 2 |  228.463 |  333.522
000000714 |  63.373958 | -68.773167 | 335.521633 | -79.730254 |  3 | 4 | 2 | 1016.557 |  644.873
000000714 |  63.373958 | -68.773167 | 335.521633 | -79.730254 |  4 | 4 | 2 | 1570.602 | 1284.698
000000714 |  63.373958 | -68.773167 | 335.521633 | -79.730254 |  6 | 4 | 3 |  570.413 | 1294.382
000000714 |  63.373958 | -68.773167 | 335.521633 | -79.730254 |  7 | 4 | 3 | 1108.567 |  670.292
000000714 |  63.373958 | -68.773167 | 335.521633 | -79.730254 |  8 | 4 | 3 | 1858.442 |  357.740
000000714 |  63.373958 | -68.773167 | 335.521633 | -79.730254 |  9 | 4 | 4 |  497.080 |  408.763
000000714 |  63.373958 | -68.773167 | 335.521633 | -79.730254 | 10 | 4 | 4 | 1202.008 |  814.731
000000714 |  63.373958 | -68.773167 | 335.521633 | -79.730254 | 11 | 4 | 4 | 1660.450 | 1514.237
000000714 |  63.373958 | -68.773167 | 335.521633 | -79.730254 | 12 | 4 | 1 |  390.420 | 1845.935
000000714 |  63.373958 | -68.773167 | 335.521633 | -79.730254 | 13 | 4 | 1 |  704.796 | 1059.168
000000715 | 160.558667 |  -2.164917 | 162.883093 |  -9.611634 |  9 | 1 | 4 | 1597.701 |  668.054
000000716 | 172.858750 | -40.310472 | 192.686154 | -39.142347 | 10 | 2 | 4 |  789.024 | 1649.224
000000717 | 176.298958 | -41.936028 | 196.631205 | -39.216179 | 10 | 2 | 4 |  265.746 | 1637.779
000000718 | 203.105917 | -41.524722 | 217.751065 | -29.429734 | 11 | 1 | 1 |  896.001 |   59.941
000000719 | 210.193500 | -29.416444 | 218.422828 | -16.042436 | 11 | 1 | 4 | 1214.063 | 1787.684
000000720 | 217.609250 | -45.840833 | 230.745189 | -29.279792 | 11 | 1 | 2 |  728.173 |  117.245
000000721 | 314.575292 | -34.203444 | 307.217791 | -16.342806 |  1 | 1 | 4 | 1395.535 | 1845.854
000000724 |  41.639042 |   0.463889 |  39.347790 | -14.884867 |  4 | 1 | 3 | 1999.098 | 1571.179
000000725 |  49.562125 | -40.697944 |  28.767166 | -55.873914 |  3 | 3 | 1 |  406.792 |  564.814
000000725 |  49.562125 | -40.697944 |  28.767166 | -55.873914 |  4 | 3 | 2 |  933.259 |  403.140
000000726 |  60.385542 | -19.548917 |  53.021158 | -39.264316 |  4 | 2 | 3 |  204.189 | 1789.778
000000726 |  60.385542 | -19.548917 |  53.021158 | -39.264316 |  5 | 2 | 4 | 1702.200 | 1764.165
000000727 |  71.824333 | -16.884833 |  67.438908 | -38.912970 |  5 | 2 | 3 | 1943.586 | 1582.418
000000728 | 140.505958 | -22.053944 | 151.303971 | -35.378911 |  8 | 2 | 3 | 1433.124 |  989.282
000000729 | 320.762875 | -39.951556 | 310.288322 | -23.344193 |  1 | 1 | 1 | 1286.604 | 1171.380
000000730 | 322.253750 | -57.163861 | 303.866195 | -39.705036 |  1 | 2 | 4 | 1570.224 | 1824.893
000000731 | 359.191542 | -21.846833 | 350.211737 | -19.645873 |  2 | 1 | 2 | 1097.086 | 1793.817
000000734 |  32.781708 |   2.418000 |  31.414193 | -10.165195 |  4 | 1 | 4 | 1182.525 |  761.812
000000736 |   4.146333 |  -9.023583 |   0.177847 |  -9.921801 |  3 | 1 | 4 | 1839.386 |  727.492
000000737 |  68.136500 | -37.031667 |  55.960954 | -57.916864 |  4 | 3 | 1 |  548.746 |  911.865
000000737 |  68.136500 | -37.031667 |  55.960954 | -57.916864 |  5 | 3 | 2 |  892.240 |  766.289
000000738 |  87.679417 | -26.376833 |  86.774914 | -49.791771 |  6 | 2 | 1 | 1464.324 |  725.921
000000739 | 126.337875 | -10.499000 | 131.684301 | -28.833099 |  7 | 1 | 2 | 1859.434 |   97.496
000000740 | 168.292875 | -16.342194 | 175.935154 | -19.609547 |  9 | 1 | 2 |  580.564 | 1817.807
000000742 | 344.873417 | -59.552222 | 316.493742 | -47.590126 |  1 | 2 | 2 |   64.421 | 1141.487
000000743 | 357.580458 | -16.922417 | 350.911072 | -14.535969 |  2 | 1 | 3 |  887.525 | 1532.248
000000744 | 196.043875 | -34.450472 | 208.709938 | -25.362734 | 10 | 1 | 2 | 1567.468 |  763.845
000000745 |  96.744583 | -45.178583 | 102.943826 | -68.316523 |  6 | 3 | 4 |  608.563 | 1659.948
000000745 |  96.744583 | -45.178583 | 102.943826 | -68.316523 |  7 | 3 | 3 | 1093.441 | 1573.469
000000746 | 135.416375 | -19.279556 | 144.664824 | -34.506918 |  8 | 2 | 4 |  202.146 |  823.320
000000747 | 199.433833 | -46.762417 | 217.675810 | -35.290909 | 11 | 2 | 4 | 1154.150 | 1006.929
000000748 | 354.168000 | -33.388778 | 340.336054 | -28.108972 |  2 | 1 | 1 | 1690.186 |  345.936
000000749 | 195.794042 | -40.615194 | 211.547757 | -31.001496 | 10 | 2 | 3 |  202.989 |  289.756
