Name		Bmag		Eclipse depth (ppm)		SNR		Period		Mass		logg		Eq Temp
WASP-18 b		9.88		864		13.6		0.94		10.20		5.10		2852
HD 189733 b		8.60		294		8.33		2.22		1.14		3.13		1428
WASP-12 b		12.11		1377		7.75		1.09		1.36		2.40		3073
KELT-7 b		8.97		263		6.29		2.73		1.28		2.65		2439
HD 209458 b		8.24		180		6.03		3.52		0.69		2.27		1720
KOI-13 b		10.16		368		5.09		1.76		6.51		4.45		3101
WASP-77 A b		11.07		552		5.02		1.36		1.76		3.44		1988
WASP-74 b		10.34		387		4.93		2.14		0.95		2.32		2287
WASP-19 b		13.58		1575		4.5		0.79		1.13		2.73		2457
HAT-P-32 b		11.79		595		3.88		2.15		0.86		1.94		2124
WASP-14 b		10.21		264		3.58		2.24		7.69		4.80		2217
WASP-82 b		10.52		303		3.55		2.71		1.25		2.45		2592
WASP-3 b		11.01		366		3.42		1.85		2.01		3.45		2367
KELT-3 b		10.30		236		3.06		2.70		1.46		3.02		2167
WASP-43 b		13.40		931		2.89		0.81		1.78		3.98		1636
WASP-95 b		10.79		274		2.84		2.18		1.13		3.00		1924
HAT-P-23 b		13.05		759		2.77		1.21		2.10		3.37		2439
WASP-4 b		13.00		739		2.76		1.34		1.22		2.87		1987
HAT-P-7 b		10.90		281		2.76		2.20		1.79		3.22		2647
WASP-100 b		11.07		298		2.71		2.85		2.03		2.91		2617
TrES-3 b		13.11		755		2.68		1.31		1.91		3.32		1937
WASP-79 b		10.45		220		2.67		3.66		0.89		2.08		2096
WASP-48 b		12.32		511		2.61		2.14		0.98		2.21		2419
HAT-P-49 b		10.62		227		2.54		2.69		1.73		3.11		2531
HAT-P-8 b		10.77		242		2.53		3.08		1.29		2.70		2108
KELT-2 A b		9.23		119		2.53		4.11		1.52		3.17		2034
HAT-P-57 b		10.96		263		2.52		2.47		1.00		2.57		2614
HAT-P-41 b		11.65		341		2.38		2.69		0.80		1.99		2304
WASP-94 A b		10.79		227		2.35		3.95		0.42		1.30		1789
WASP-46 b		13.00		624		2.33		1.43		2.10		3.46		1972
WASP-54 b		10.98		239		2.27		3.69		0.63		1.79		2118
HAT-P-30 b		10.87		223		2.22		2.81		0.71		2.33		1947
HAT-P-36 b		13.08		614		2.21		1.33		1.84		3.40		2163
WASP-78 b		12.65		483		2.12		2.18		0.88		2.07		2730
HAT-P-56 b		11.35		262		2.09		2.79		2.18		3.27		2188
WASP-17 b		11.84		326		2.08		3.74		0.51		1.26		1842
WASP-97 b		11.34		255		2.05		2.07		1.32		3.29		1832
55 Cnc e		6.83		31		2.02		0.74		0.03		2.99		2329
WASP-1 b		11.99		338		2.01		2.52		0.92		2.34		2199
CoRoT-1 b		13.76		756		1.99		1.51		1.03		2.49		2260
WASP-52 b		12.90		478		1.87		1.75		0.46		1.99		1547
CoRoT-2 b		13.42		594		1.83		1.74		3.28		3.68		1828
WASP-71 b		11.35		228		1.83		2.90		2.24		3.25		2455
XO-3 b		10.31		142		1.83		3.19		13.28		5.45		2434
WASP-36 b		13.10		509		1.82		1.54		2.27		3.60		2021
WASP-101 b		10.74		169		1.8		3.59		0.50		1.88		1849
HAT-P-16 b		11.28		212		1.75		2.78		4.20		4.18		1932
HAT-P-33 b		11.66		248		1.72		3.47		0.76		1.94		2117
WASP-26 b		11.62		238		1.68		2.76		1.02		2.72		1680
HAT-P-22 b		10.59		148		1.68		3.21		2.15		3.87		1524
HATS-2 b		13.58		563		1.61		1.35		1.35		3.24		1874
WASP-5 b		12.78		383		1.59		1.63		1.62		3.48		2072
HAT-P-13 b		11.35		196		1.57		2.92		0.86		2.61		1960
WASP-24 b		12.09		276		1.57		2.34		1.09		2.82		2104
TrES-2 b		12.03		258		1.51		2.47		1.20		3.03		1782
WASP-50 b		12.59		334		1.51		1.96		1.47		3.36		1656
TrES-4 b		12.11		267		1.5		3.55		0.93		2.02		2124
WASP-35 b		11.56		204		1.48		3.16		0.72		2.37		1727
Qatar-2 b		14.00		617		1.46		1.34		2.48		3.90		1534
WASP-75 b		12.05		250		1.45		2.48		1.07		2.85		2028
HAT-P-2 b		9.12		63		1.41		5.63		8.87		5.15		1699
WASP-31 b		12.01		237		1.4		3.41		0.48		1.66		1873
WASP-62 b		10.73		131		1.39		4.41		0.56		2.02		1698
Qatar-1 b		13.90		538		1.33		1.42		1.09		3.04		1652
WASP-15 b		11.37		166		1.32		3.75		0.54		2.00		1965
WASP-135 b		14.25		621		1.31		1.40		1.90		3.37		2037
HD 149026 b		8.77		50		1.31		2.88		0.36		3.09		1990
HAT-P-6 b		11.11		140		1.26		3.85		1.06		2.74		1990
WASP-72 b		11.52		166		1.23		2.22		1.41		3.58		2451
WASP-13 b		11.31		149		1.22		4.35		0.47		1.83		1848
WASP-49 b		11.93		188		1.16		2.78		0.38		2.07		1630
WASP-69 b		10.93		119		1.15		3.87		0.26		1.80		1143
WASP-20 b		11.17		129		1.12		4.90		0.31		1.33		1644
HAT-P-4 b		11.90		179		1.11		3.06		0.67		2.37		2015
WASP-34 b		11.05		119		1.1		4.32		0.58		2.32		1382
HAT-P-1 b		10.93		109		1.07		4.47		0.53		2.19		1552
WASP-2 b		12.90		258		1.01		2.15		0.91		3.01		1546
WASP-32 b		12.10		173		0.98		2.72		3.45		4.30		1861
HAT-P-14 b		10.40		78		0.971		4.63		2.24		3.78		1863
Kepler-17 b		14.60		537		0.962		1.49		2.48		3.59		2076
HAT-P-40 b		12.19		176		0.957		4.46		0.62		1.68		2100
WASP-41 b		12.36		188		0.943		3.05		0.94		2.86		1479
TrES-5 b		14.64		530		0.93		1.48		1.78		3.45		1763
XO-2 b		12.00		155		0.92		2.62		0.57		2.72		1573
WASP-73 b		10.98		96		0.913		4.09		1.88		3.59		2118
WASP-63 b		11.74		135		0.902		4.38		0.38		1.57		1821
Kepler-412 b		14.41		437		0.854		1.72		0.94		2.63		2175
HATS-3 b		12.46		176		0.847		3.55		1.07		2.68		1960
WASP-66 b		12.00		141		0.837		4.09		2.31		3.44		2143
HAT-P-24 b		12.21		155		0.837		3.36		0.69		2.45		1945
WASP-70 A b		11.75		125		0.834		3.71		0.59		2.42		1636
XO-1 b		11.88		130		0.817		3.94		0.92		2.80		1436
HATS-1 b		12.74		187		0.789		3.45		1.87		3.35		1627
HAT-P-5 b		12.97		207		0.784		2.79		1.06		2.86		1829
HAT-P-34 b		10.57		68		0.779		5.45		3.33		4.10		1553
WASP-28 b		12.50		161		0.758		3.41		0.91		2.77		1746
WASP-7 b		9.96		50		0.757		4.95		0.92		3.35		1660
WASP-25 b		12.28		144		0.753		3.76		0.58		2.31		1453
HAT-P-37 b		13.10		210		0.751		2.80		1.17		3.09		1517
WASP-80 b		12.60		166		0.748		3.07		0.55		2.76		968
TrES-1 b		12.54		161		0.745		3.03		0.75		2.84		1360
WASP-99 b		10.10		51		0.731		5.75		2.78		4.09		1748
WASP-6 b		12.90		177		0.696		3.36		0.52		2.20		1408
WASP-68 b		11.37		86		0.687		5.08		0.96		2.78		1767
WASP-38 b		9.95		45		0.685		6.87		2.71		4.08		1495
WASP-58 b		12.33		129		0.66		5.02		0.89		2.51		1518
WASP-44 b		13.70		235		0.636		2.42		0.89		2.88		1603
HAT-P-3 b		12.22		117		0.626		2.90		0.60		2.95		1378
WASP-67 b		12.90		159		0.624		4.61		0.42		1.71		1222
WASP-22 b		12.39		124		0.617		3.53		0.56		2.45		1690
HAT-P-9 b		12.84		153		0.616		3.92		0.78		2.33		1820
CoRoT-11 b		13.73		230		0.614		2.99		2.35		3.39		2060
HAT-P-12 b		12.60		136		0.612		3.21		0.21		1.78		1140
HATS-9 b		14.08		266		0.605		1.92		0.84		2.95		2161
WASP-16 b		12.52		127		0.592		3.12		0.84		3.07		1556
HAT-P-45 b		13.70		217		0.587		3.13		0.89		2.43		1961
WASP-39 b		12.93		149		0.575		4.06		0.28		1.52		1329
WASP-45 b		13.33		178		0.573		3.13		1.01		2.97		1423
WASP-55 b		12.69		130		0.56		4.47		0.57		2.17		1510
HAT-P-28 b		13.40		170		0.53		3.26		0.63		2.41		1643
WASP-21 b		12.12		92		0.516		4.32		0.30		1.92		1500
WASP-61 b		12.83		126		0.512		3.86		2.05		3.55		1843
KELT-6 b		10.83		49		0.501		7.85		0.43		2.06		1561
HAT-P-27 b		13.19		142		0.487		3.04		0.62		2.73		1389
Kepler-12 b		13.96		202		0.486		4.44		0.43		1.36		1761
WASP-37 b		13.30		147		0.479		3.58		1.79		3.54		1577
HAT-P-44 b		13.20		130		0.445		4.30		0.35		1.78		1313
HATS-4 b		14.26		212		0.445		2.16		1.32		3.50		1648
CoRoT-18 b		15.79		429		0.443		1.90		3.49		3.96		1815
WASP-8 b		10.52		36		0.429		8.16		2.14		3.94		1103
WASP-23 b		13.56		147		0.425		2.94		0.87		3.20		1343
HAT-P-46 b		12.90		108		0.423		4.46		0.49		2.05		1727
HAT-P-35 b		13.71		156		0.421		3.65		1.05		2.74		1877
HAT-P-31 b		12.01		66		0.393		5.01		2.17		3.89		1640
HAT-P-21 b		12.79		93		0.385		4.12		4.08		4.61		1514
WASP-11 b		12.89		94		0.373		3.72		0.54		2.83		1134
WASP-29 b		12.12		65		0.368		3.92		0.24		2.31		1158
WASP-56 b		12.74		82		0.348		4.62		0.61		2.58		1429
WASP-57 b		13.60		122		0.348		2.84		0.68		3.04		1494
XO-5 b		12.97		89		0.339		4.19		1.15		3.34		1436
HATS-13 b		14.68		194		0.336		3.04		0.54		2.26		1481
HAT-P-25 b		14.12		142		0.318		3.65		0.57		2.34		1431
HAT-P-29 b		12.30		60		0.31		5.72		0.78		2.80		1496
CoRoT-5 b		14.67		170		0.295		4.04		0.46		1.83		1710
HATS-14 b		14.68		161		0.279		2.77		1.07		3.25		1516
WASP-83 b		12.79		67		0.279		4.97		0.30		1.97		1326
WASP-117 b		10.74		25		0.269		10.02		0.28		1.92		1218
HATS-10 b		13.82		101		0.26		3.31		0.53		2.68		1673
CoRoT-19 b		14.57		136		0.247		3.90		1.11		2.85		1974
Kepler-14 b		12.24		43		0.229		6.79		8.41		5.13		1848
WASP-60 b		12.86		57		0.228		4.31		0.51		2.89		1568
WASP-84 b		11.64		32		0.227		8.52		0.69		3.01		947
HAT-P-17 b		11.37		28		0.226		10.34		0.53		2.60		927
Kepler-435 b		14.00		96		0.226		8.60		0.84		1.71		2032
CoRoT-12 b		16.34		280		0.225		2.83		0.92		2.44		1716
CoRoT-14 b		16.89		358		0.223		1.51		7.69		5.12		2321
HD 17156 b		8.81		8		0.219		21.22		3.30		4.41		1060
GJ 436 b		12.20		37		0.203		2.64		0.07		2.59		772
HAT-P-38 b		13.14		54		0.19		4.64		0.27		2.32		1284
HATS-5 b		13.44		61		0.189		4.76		0.24		2.00		1220
WASP-106 b		12.04		32		0.188		9.29		1.93		3.75		1373
Kepler-426 b		15.74		151		0.161		3.22		1.00		3.08		1549
HAT-P-11 b		10.60		14		0.159		4.89		0.08		2.49		1036
WTS-1 b		16.63		222		0.156		3.35		4.00		3.84		1780
Kepler-77 b		15.03		99		0.146		3.58		0.43		2.50		1485
CoRoT-3 b		14.20		67		0.145		4.26		21.85		6.32		2016
Kepler-433 b		15.08		99		0.143		5.33		2.82		3.55		2099
Kepler-1517 b		12.71		32		0.139		5.55		0.70		3.17		2101
HAT-P-26 b		12.63		30		0.134		4.23		0.06		1.56		1182
HATS-6 b		16.66		165		0.114		3.33		0.32		2.12		847
HAT-P-15 b		12.77		26		0.112		10.86		1.95		3.79		1069
Kepler-78 b		12.87		27		0.111		0.36		0.01		2.65		2625
Kepler-74 b		14.50		55		0.104		7.34		0.67		2.30		1483
Kepler-428 b		16.58		135		0.0976		3.53		1.27		3.34		1270
Kepler-425 b		16.05		96		0.0887		3.80		1.00		3.30		1275
WASP-121 b		21.52		1173		0.0866		1.27		1.18		2.18		2805
CoRoT-28 b		14.99		57		0.0852		5.21		0.48		2.62		1622
Kepler-1171 b		11.85		13		0.085		1.44		0.02		2.32		3307
CoRoT-26 b		16.84		125		0.0802		4.20		0.48		2.06		1873
CoRoT-29 b		16.70		116		0.079		2.85		0.85		3.30		1450
CoRoT-25 b		15.81		76		0.0782		4.86		0.27		1.79		1572
CoRoT-27 b		16.50		101		0.0757		3.58		10.39		5.58		1628
GJ 3470 b		13.50		24		0.0716		3.34		0.04		2.10		776
Kepler-40 b		14.90		45		0.0715		6.87		2.18		3.72		1919
CoRoT-6 b		14.64		40		0.0715		8.89		2.95		4.03		1210
CoRoT-7 b		12.52		15		0.0712		0.85		0.01		2.86		2152
CoRoT-13 b		15.78		65		0.0682		4.04		1.31		3.77		1516
Kepler-21 b		8.77		2		0.0668		2.79		0.01		2.69		2320
WASP-59 b		13.92		27		0.066		7.92		0.86		3.61		791
CoRoT-17 b		16.96		98		0.0593		3.77		2.46		4.12		1847
Kepler-427 b		15.13		39		0.0554		10.29		0.29		1.60		1279
CoRoT-16 b		16.68		78		0.0537		5.35		0.54		2.32		1422
HD 97658 b		8.54		1		0.0436		9.49		0.02		2.69		872
Kepler-63 b		12.36		8		0.043		9.43		0.13		2.39		1030
GJ 1214 b		16.83		60		0.0389		1.58		0.02		2.22		666
CoRoT-23 b		18.29		102		0.0337		3.63		3.09		4.28		1953
Kepler-25 c		11.32		3		0.0298		12.72		0.09		2.38		1224
Kepler-68 b		10.73		2		0.0258		5.40		0.03		2.77		1490
K2-25 b		15.81		22		0.0234		3.48		0.04		2.29		573
Kepler-25 b		11.32		2		0.0209		6.24		0.02		2.29		1553
HD 80606 b		9.83		1		0.0186		111.44		3.89		4.56		473
CoRoT-20 b		15.96		18		0.0181		9.24		4.24		5.05		1134
CoRoT-8 b		16.10		17		0.0158		6.21		0.22		2.85		1016
Kepler-93 b		10.73		1		0.0146		4.73		0.01		2.47		1349
Kepler-50 c		11.02		1		0.0144		9.38		0.02		2.29		1560
GJ 1132 b		15.22		9		0.0131		1.63		0.01		2.52		688
CoRoT-10 b		16.68		18		0.0127		13.24		2.76		4.33		797
Kepler-50 b		11.02		1		0.0114		7.81		0.02		2.41		1658
Kepler-42 c		17.96		27		0.0103		0.45		0.00		1.77		949
Kepler-411 c		13.70		3		0.00957		7.83		0.03		2.28		941
Kepler-20 b		13.41		3		0.0095		3.70		0.03		3.17		1430
CoRoT-22 b		14.74		5		0.00854		9.76		0.04		1.61		1196
Kepler-117 b		14.93		5		0.0085		18.80		0.19		2.34		1154
Kepler-109 b		12.82		2		0.00833		6.48		0.02		2.36		1494
Kepler-96 b		11.25		0		0.00658		16.24		0.03		2.48		930
Kepler-36 c		12.66		1		0.00622		16.24		0.03		1.82		1206
Kepler-20 c		13.41		1		0.00584		10.85		0.05		2.84		999
Kepler-516 b		12.94		1		0.00573		24.85		0.11		2.39		1308
Kepler-135 b		12.82		1		0.00553		6.00		0.01		2.58		1551
Kepler-454 b		12.38		1		0.00529		10.57		0.02		2.54		1095
Kepler-103 b		12.68		1		0.00524		15.97		0.03		2.17		1126
Kepler-117 c		14.93		3		0.00473		50.79		0.92		3.16		828
Kepler-19 b		12.88		1		0.00468		9.29		0.02		2.41		1007
Kepler-126 b		10.93		0		0.00442		10.50		0.01		2.85		1361
K2-3 b		13.52		1		0.00412		10.05		0.02		2.41		603
Kepler-381 b		11.08		0		0.00401		5.63		0.00		2.24		1776
Kepler-33 d		14.39		1		0.00354		21.78		0.10		2.38		1121
Kepler-131 b		12.22		0		0.00342		16.09		0.05		3.39		934
Kepler-136 b		12.51		0		0.00341		11.58		0.02		2.47		1301
Kepler-278 b		12.79		0		0.00329		30.16		0.05		2.37		1126
Kepler-144 b		12.69		0		0.00325		5.89		0.01		2.68		1533
Kepler-338 b		12.88		0		0.00324		13.73		0.02		2.34		1336
Kepler-444 c		9.67		0		0.00323		4.55		0.00		1.24		1134
Kepler-42 b		17.96		8		0.00315		1.21		0.00		1.87		683
Kepler-248 b		16.21		3		0.00302		6.31		0.03		2.27		1050
Kepler-132 c		12.49		0		0.00295		6.41		0.01		2.62		1438
Kepler-444 b		9.67		0		0.0029		3.60		0.00		0.95		1226
Kepler-102 e		12.58		0		0.00288		16.15		0.03		2.92		710
Kepler-79 b		14.68		1		0.00287		13.48		0.03		2.19		1100
Kepler-129 b		12.67		0		0.0028		15.79		0.02		2.36		1208
Kepler-132 b		12.49		0		0.00277		6.18		0.01		2.54		1456
CoRoT-9 b		14.55		1		0.00266		95.27		0.84		2.99		490
Kepler-444 f		9.67		0		0.0026		9.74		0.00		1.82		880
Kepler-154 e		15.11		1		0.00252		3.93		0.01		2.84		1507
Kepler-33 c		14.39		1		0.00247		13.18		0.03		2.28		1325
Kepler-105 c		13.59		0		0.00244		7.13		0.01		2.71		1348
Kepler-444 d		9.67		0		0.00244		6.19		0.00		1.33		1023
Kepler-106 c		13.68		0		0.00239		13.57		0.03		2.84		1027
Kepler-197 b		12.42		0		0.00232		5.60		0.00		2.28		1467
Kepler-104 c		13.12		0		0.00231		23.67		0.03		2.27		947
Kepler-79 d		14.55		1		0.00229		52.09		0.02		0.14		805
Kepler-33 b		14.39		1		0.00225		5.67		0.01		2.63		1755
Kepler-68 c		10.73		0		0.00203		9.61		0.02		4.00		1230
Kepler-127 c		12.07		0		0.00203		29.39		0.02		2.30		946
Kepler-136 c		12.51		0		0.00202		16.40		0.01		2.49		1158
Kepler-109 c		12.82		0		0.00194		21.22		0.02		2.32		1006
Kepler-444 e		9.67		0		0.00192		7.74		0.00		1.37		950
Kepler-37 d		10.45		0		0.00186		39.79		0.01		1.55		592
Kepler-154 d		15.11		1		0.00182		20.55		0.05		2.33		868
Kepler-126 c		10.93		0		0.00179		21.87		0.01		2.73		1066
K2-21 b		14.14		0		0.00174		9.32		0.01		2.73		657
Kepler-144 c		12.69		0		0.00163		10.10		0.01		2.70		1280
Kepler-381 c		11.08		0		0.00162		13.39		0.00		2.43		1330
Kepler-248 c		16.21		1		0.00156		16.24		0.05		2.37		766
Kepler-130 b		12.16		0		0.00151		8.46		0.00		2.28		1257
Kepler-102 d		12.58		0		0.00148		10.31		0.01		2.60		825
Kepler-197 c		12.42		0		0.00148		10.35		0.01		2.57		1195
Kepler-127 b		12.07		0		0.00145		14.44		0.01		2.75		1199
Kepler-338 c		12.88		0		0.00139		24.31		0.02		2.37		1104
Kepler-420 b		15.82		1		0.00135		86.65		1.45		3.75		545
K2-21 c		14.14		0		0.00129		15.50		0.01		2.53		555
Kepler-79 c		14.68		0		0.00128		27.40		0.02		1.43		869
Kepler-278 c		12.79		0		0.00127		51.08		0.04		2.30		945
Kepler-36 b		12.66		0		0.00126		13.84		0.01		3.03		1272
Kepler-33 e		14.39		0		0.00121		31.78		0.05		2.36		988
Kepler-132 d		12.49		0		0.00109		18.01		0.01		2.76		1019
Kepler-104 d		13.12		0		0.00107		51.76		0.04		2.30		730
Kepler-33 f		14.39		0		0.00106		41.03		0.07		2.37		907
Kepler-127 d		12.07		0		0.00102		48.63		0.02		2.30		800
Kepler-338 d		12.88		0		0.00102		44.43		0.03		2.27		903
Kepler-20 e		13.41		0		0.00101		6.10		0.00		2.03		1210
Kepler-135 c		12.82		0		0.00096		11.45		0.00		2.48		1251
Kepler-42 d		17.96		2		0.00095		1.87		0.00		1.40		592
Kepler-1115 b		11.90		0		0.000884		23.55		0.01		2.65		1475
Kepler-197 d		12.42		0		0.000839		15.68		0.01		2.55		1041
Kepler-431 b		12.85		0		0.000819		6.80		0.00		1.87		1342
Kepler-431 d		12.85		0		0.000816		11.92		0.00		2.44		1113
K2-3 c		13.52		0		0.000809		24.65		0.01		2.61		448
Kepler-462 b		11.95		0		0.000769		84.69		0.04		2.32		873
Kepler-106 b		13.68		0		0.000737		6.16		0.00		1.94		1336
Kepler-154 f		15.11		0		0.000734		9.92		0.01		2.84		1107
Kepler-126 d		10.93		0		0.00059		100.28		0.02		2.33		642
Kepler-37 c		10.45		0		0.000588		21.30		0.01		4.16		729
Kepler-106 e		13.68		0		0.000525		43.84		0.02		2.32		695
Kepler-103 c		12.68		0		0.000483		179.61		0.09		2.38		502
Kepler-431 c		12.85		0		0.000451		8.70		0.00		1.67		1236
Kepler-129 c		12.67		0		0.000359		82.20		0.02		2.32		697
Kepler-20 d		13.41		0		0.00034		77.61		0.02		2.32		518
Kepler-154 b		15.11		0		0.000309		33.04		0.02		2.39		727
Kepler-79 e		14.55		0		0.000301		81.07		0.01		1.20		694
Kepler-20 f		13.41		0		0.000299		19.58		0.00		2.30		820
K2-3 d		13.52		0		0.000288		44.56		0.01		2.75		367
Kepler-197 e		12.42		0		0.000248		25.21		0.00		2.10		888
Kepler-154 c		15.11		0		0.000226		62.30		0.03		2.28		589
Kepler-131 c		12.22		0		0.000225		25.52		0.05		5.49		801
Kepler-102 f		12.58		0		0.000223		27.45		0.00		2.11		595
Kepler-37 b		10.45		0		0.000183		13.37		0.01		5.83		852
Kepler-130 d		12.16		0		0.000173		87.52		0.01		2.69		577
