Name		Vmag		Eclipse depth (ppm)		SNR		Period		Mass		logg		Eq Temp
WASP-033		8.18		917		13.8		1.22		2.16		2.99		3253
KELT-09		7.56		651		13.0		1.48		2.88		3.04		4818
WASP-018		9.27		749		6.8		0.94		10.52		5.24		2869
WASP-121		10.52		1173		6.0		1.27		1.18		2.18		2805
HD_189733		7.68		292		5.5		2.22		1.15		3.11		1417
WASP-076		9.53		671		5.4		1.81		0.92		1.96		2596
WASP-012		11.69		1439		4.3		1.09		1.47		2.36		3047
MASCARA-1		8.27		265		3.8		2.15		3.70		3.75		3028
WASP-019		12.31		1625		3.6		0.79		1.14		2.70		2472
HD_209458		7.65		184		3.5		3.52		0.71		2.27		1736
WASP-103		12.39		1510		3.3		0.93		1.47		2.64		2961
KELT-07		8.54		263		3.3		2.73		1.28		2.65		2439
WASP-122		11.00		734		3.0		1.71		1.28		2.39		2333
WASP-074		9.76		388		2.8		2.14		0.95		2.32		2287
KELT-16		11.90		1046		2.8		0.97		2.75		3.57		2918
WASP-087		10.74		482		2.2		1.68		2.18		3.38		2749
WASP-043		12.37		1006		2.2		0.81		2.03		3.89		1714
HAT-P-32		11.29		599		2.2		2.15		0.80		1.85		2143
WASP-003		10.64		425		2.1		1.85		1.77		3.23		2372
KELT-01		10.70		444		2.1		1.22		27.38		6.35		2883
WASP-082		10.08		319		2.0		2.71		1.25		2.40		2625
KELT-17		9.29		213		1.9		3.08		1.31		2.68		2482
WASP-078		11.96		687		1.8		2.17		0.86		1.66		2800
WASP-014		9.75		245		1.8		2.24		7.59		4.85		2212
KELT-04		10.47		338		1.8		2.99		0.90		2.09		2169
HAT-P-07		10.46		351		1.8		2.21		1.87		3.04		2637
WASP-140		11.13		433		1.7		2.24		2.44		3.42		1578
WASP-111		10.26		296		1.7		2.31		1.83		3.13		2524
WASP-095		10.09		273		1.7		2.19		1.13		3.00		1923
KELT-11		8.03		102		1.7		4.74		0.17		0.89		2026
WASP-004		12.46		755		1.6		1.34		1.25		2.86		1991
KELT-08		10.83		361		1.6		3.24		0.87		1.87		1995
KELT-03		9.82		232		1.6		2.70		1.48		3.05		2161
TrES-3		12.50		723		1.5		1.31		1.90		3.36		1949
KELT-18		10.21		259		1.5		2.87		1.18		2.52		2477
HAT-P-36		12.26		650		1.5		1.33		1.85		3.34		2128
KELT-02		8.70		119		1.4		4.11		1.52		3.17		2038
EPIC_229426032		11.60		447		1.4		2.18		1.36		2.59		2262
WASP-100		10.80		298		1.3		2.85		2.03		2.91		2618
WASP-097		10.58		255		1.3		2.07		1.32		3.29		1842
WASP-094		10.06		213		1.3		3.95		0.45		1.38		1921
WASP-093		10.97		314		1.3		2.73		1.47		2.70		2312
WASP-054		10.42		239		1.3		3.69		0.64		1.80		2186
HATS-24		12.83		744		1.3		1.35		2.44		3.35		2469
HATS-18		14.07		1258		1.3		0.84		1.98		3.36		2444
HAT-P-49		10.21		227		1.3		2.69		1.73		3.11		2531
HAT-P-23		12.43		617		1.3		1.21		2.07		3.58		2322
WASP-085		10.42		220		1.2		2.66		1.26		3.06		1597
WASP-079		10.04		189		1.2		3.66		0.86		2.25		2042
WASP-052		12.20		490		1.2		1.75		0.43		1.97		1564
WASP-048		11.66		385		1.2		2.14		0.91		2.49		2328
Kepler-013		9.95		180		1.2		1.76		6.00		4.37		2595
HD_149026		8.16		77		1.2		2.88		0.37		2.67		2107
HAT-P-41		11.36		341		1.2		2.69		0.80		1.99		2304
HAT-P-30		10.36		223		1.2		2.81		0.71		2.33		1958
HAT-P-13		10.62		251		1.2		2.92		0.91		2.36		2052
CoRoT-02		12.57		579		1.2		1.74		3.57		3.77		1810
XO-3		9.91		165		1.1		3.19		11.83		5.28		2057
WASP-072		10.87		256		1.1		2.22		1.46		3.16		2620
WASP-071		10.56		218		1.1		2.90		2.24		3.31		2479
WASP-064		12.29		502		1.1		1.57		1.27		3.02		2012
WASP-050		11.55		333		1.1		1.96		1.44		3.36		1715
WASP-001		11.31		317		1.1		2.52		0.85		2.31		2172
HAT-P-56		10.91		262		1.1		2.79		2.18		3.27		2188
HAT-P-22		9.73		148		1.1		3.21		2.15		3.87		1524
HAT-P-08		10.30		197		1.1		3.08		1.27		2.94		2061
55_Cnc_e		5.95		26		1.1		0.74		0.03		3.12		2329
WASP-142		12.30		424		1.0		2.05		0.84		2.23		2390
WASP-036		12.70		536		1.0		1.54		2.36		3.55		2062
WASP-024		11.23		280		1.0		2.34		1.11		2.83		2108
WASP-017		11.50		309		1.0		3.73		0.48		1.20		2086
WASP-005		12.14		401		1.0		1.63		1.59		3.40		2085
CoRoT-01		13.60		816		1.0		1.51		1.03		2.41		2279
WASP-127		10.16		151		0.9		4.18		0.18		0.91		1705
WASP-114		12.74		481		0.9		1.55		1.77		3.24		2413
WASP-104		11.79		331		0.9		1.75		1.27		3.24		1796
WASP-101		10.34		169		0.9		3.59		0.50		1.88		1848
WASP-046		12.93		551		0.9		1.43		1.91		3.58		1947
WASP-035		10.95		204		0.9		3.16		0.72		2.37		1750
WASP-007		9.48		105		0.9		4.96		0.98		2.60		1820
TrES-4		11.59		277		0.9		3.55		0.49		1.33		2151
Qatar-1		12.84		524		0.9		1.42		1.29		3.25		1653
HATS-35		12.56		457		0.9		1.82		1.22		2.69		2418
HAT-P-33		11.19		249		0.9		3.48		0.76		1.94		2118
XO-6		10.25		140		0.8		3.77		1.90		2.44		1876
WASP-123		11.03		208		0.8		2.98		0.90		2.60		1808
WASP-108		11.22		228		0.8		2.68		0.89		2.64		1904
WASP-075		11.45		250		0.8		2.48		1.07		2.85		2028
WASP-069		9.87		119		0.8		3.87		0.26		1.80		1143
WASP-062		10.22		131		0.8		4.41		0.57		2.03		1698
WASP-026		11.10		205		0.8		2.77		1.02		2.88		1963
WASP-013		10.51		164		0.8		4.35		0.51		1.74		1885
TrES-2		11.41		244		0.8		2.47		1.21		3.09		1744
Qatar-2		13.49		594		0.8		1.34		2.47		3.94		1529
KELT-15		11.44		237		0.8		3.33		1.20		2.60		1951
HATS-52		13.67		668		0.8		1.37		2.24		3.42		2231
HAT-P-65		13.15		499		0.8		2.60		0.53		1.34		2296
HAT-P-16		10.80		181		0.8		2.78		4.19		4.34		1865
HAT-P-06		10.54		154		0.8		3.85		1.06		2.65		2027
HAT-P-04		11.00		195		0.8		3.06		0.68		2.29		2072
HAT-P-02		8.71		68		0.8		5.63		8.74		5.08		1801
WASP-120		10.96		179		0.7		3.61		4.85		4.06		2231
WASP-119		12.27		324		0.7		2.50		1.23		2.79		1863
WASP-109		11.44		212		0.7		3.32		0.91		2.43		2016
WASP-081		12.29		291		0.7		2.72		0.73		2.23		1936
WASP-065		11.90		241		0.7		2.31		1.55		3.48		1766
WASP-049		11.36		209		0.7		2.78		0.40		1.97		1663
WASP-016		11.31		188		0.7		3.12		0.83		2.68		1653
WASP-015		10.92		162		0.7		3.75		0.59		2.05		2047
WASP-002		11.98		258		0.7		2.15		0.88		3.01		1530
KELT-10		10.70		155		0.7		4.17		0.68		2.20		1637
HATS-23		13.90		654		0.7		2.16		1.47		2.40		1970
HATS-02		13.56		563		0.7		1.35		1.34		3.24		1873
HAT-P-01		10.40		122		0.7		4.46		0.53		2.06		1575
XO-4		10.67		125		0.6		4.12		1.61		3.18		1953
XO-2		11.25		173		0.6		2.62		0.60		2.70		1607
WASP-136		9.98		95		0.6		5.21		1.51		3.02		2073
WASP-131		10.08		88		0.6		5.32		0.27		1.55		1713
WASP-118		11.02		142		0.6		4.05		0.52		1.94		2086
WASP-092		13.18		384		0.6		2.17		0.81		2.28		2236
WASP-070		10.79		125		0.6		3.71		0.59		2.42		1636
WASP-041		11.64		180		0.6		3.05		0.98		2.90		1479
WASP-034		10.37		118		0.6		4.32		0.59		2.33		1378
WASP-032		11.56		195		0.6		2.72		3.60		4.21		1857
WASP-031		11.94		241		0.6		3.41		0.48		1.64		1836
TrES-5		13.72		520		0.6		1.48		1.79		3.48		1767
K2-034		11.45		172		0.6		3.00		1.65		3.36		1988
HATS-33		11.91		237		0.6		2.55		1.19		3.02		1700
HAT-P-40		11.34		176		0.6		4.46		0.61		1.67		2101
HAT-P-20		11.34		177		0.6		2.88		7.22		5.18		1147
HAT-P-14		10.00		86		0.6		4.63		2.27		3.68		1932
XO-1		11.14		129		0.5		3.94		0.92		2.80		1440
WTS-2		15.90		1178		0.5		1.02		1.12		2.75		1826
WASP-133		12.88		268		0.5		2.18		1.16		3.02		2112
WASP-090		11.69		183		0.5		3.92		0.63		1.82		2192
WASP-088		11.39		152		0.5		4.95		0.56		1.61		2097
WASP-080		11.87		175		0.5		3.07		0.56		2.71		982
WASP-073		10.48		96		0.5		4.09		1.88		3.59		2119
WASP-063		11.16		135		0.5		4.38		0.38		1.57		1876
WASP-020		10.68		99		0.5		4.90		0.38		1.79		1501
WASP-006		12.16		192		0.5		3.36		0.48		2.12		1408
TrES-1		11.79		169		0.5		3.03		0.76		2.79		1365
Qatar-6		11.44		137		0.5		3.51		0.67		2.73		1197
Kepler-017		14.30		552		0.5		1.49		2.34		3.57		2037
HATS-34		13.85		445		0.5		2.11		0.94		2.48		1717
HATS-26		12.96		298		0.5		3.30		0.65		1.71		2286
HATS-09		13.28		323		0.5		1.92		0.82		2.73		2161
HATS-01		12.05		187		0.5		3.45		1.85		3.35		1628
HAT-P-66		12.99		289		0.5		2.97		0.78		2.08		2260
HAT-P-50		11.76		176		0.5		3.12		1.35		3.05		2205
HAT-P-47		10.69		99		0.5		4.73		0.21		1.13		1908
HAT-P-24		11.75		156		0.5		3.35		0.68		2.44		1930
HAT-P-05		12.00		205		0.5		2.79		1.06		2.86		1805
WASP-153		12.79		227		0.4		3.33		0.39		1.44		2036
WASP-126		11.20		99		0.4		3.29		0.28		2.06		1769
WASP-113		11.77		125		0.4		4.54		0.47		1.83		1766
WASP-110		12.27		160		0.4		3.78		0.51		2.16		1360
WASP-102		12.73		215		0.4		2.71		0.62		2.32		1963
WASP-099		9.48		51		0.4		5.75		2.78		4.09		1748
WASP-096		12.19		153		0.4		3.43		0.48		2.16		1519
WASP-091		11.99		169		0.4		2.80		1.34		3.49		1360
WASP-068		10.68		87		0.4		5.08		0.95		2.77		1769
WASP-066		11.61		141		0.4		4.09		2.32		3.44		2143
WASP-058		11.66		130		0.4		5.02		0.89		2.51		1519
WASP-055		11.76		124		0.4		4.47		0.63		2.21		1547
WASP-053		12.19		149		0.4		3.31		2.13		3.87		1252
WASP-039		12.10		149		0.4		4.05		0.28		1.50		1344
WASP-038		9.45		46		0.4		6.87		2.69		4.07		1484
WASP-028		12.15		166		0.4		3.41		0.89		2.74		1727
WASP-025		11.85		146		0.4		3.77		0.60		2.30		1441
WASP-022		11.71		131		0.4		3.53		0.62		2.41		1788
WASP-021		11.59		118		0.4		4.32		0.28		1.67		1621
WASP-010		12.39		164		0.4		3.09		3.14		4.32		1150
Qatar-4		13.60		357		0.4		1.80		6.10		4.81		1647
HATS-51		12.47		201		0.4		3.35		0.77		2.30		1840
HATS-31		13.11		256		0.4		3.38		0.88		2.14		2170
HATS-30		12.19		158		0.4		3.17		0.71		2.59		1683
HATS-03		12.44		177		0.4		3.55		1.07		2.68		1960
HAT-P-53		13.73		380		0.4		1.96		1.48		3.10		2113
HAT-P-45		12.79		217		0.4		3.13		0.89		2.43		1961
HAT-P-39		12.42		207		0.4		3.54		0.60		1.84		2055
HAT-P-34		10.16		68		0.4		5.45		3.33		4.10		1759
HAT-P-03		11.86		132		0.4		2.90		0.58		2.83		1415
CoRoT-11		12.80		229		0.4		2.99		2.34		3.40		2033
XO-5		12.13		107		0.3		4.19		1.19		3.16		1442
WASP-141		12.42		145		0.3		3.31		2.69		3.86		1875
WASP-138		11.81		106		0.3		3.63		1.22		3.28		1896
WASP-124		12.70		166		0.3		3.37		0.60		2.31		1654
WASP-112		13.33		212		0.3		3.04		0.88		2.78		1648
WASP-098		12.98		201		0.3		2.96		0.92		2.91		1393
WASP-057		13.04		169		0.3		2.84		0.64		2.72		1593
WASP-047b		11.93		105		0.3		4.16		1.14		3.16		1508
WASP-045		11.98		130		0.3		3.13		1.00		3.27		1392
WASP-044		12.88		184		0.3		2.42		0.87		3.11		1552
WASP-037		12.72		147		0.3		3.58		1.80		3.55		1616
WASP-023		12.68		172		0.3		2.94		0.92		3.04		1344
WASP-011		11.89		111		0.3		3.72		0.49		2.57		1181
Qatar-5		12.82		157		0.3		2.88		4.32		4.52		1683
Qatar-3		12.88		183		0.3		2.51		4.31		4.53		1999
OGLE-TR-L9		14.50		355		0.3		2.49		4.40		3.76		2420
OGLE-TR-113		15.00		503		0.3		1.43		1.23		3.29		1598
OGLE-TR-056		16.60		1090		0.3		1.21		1.41		2.50		2953
Kepler-041		14.47		377		0.3		1.86		0.56		2.17		2127
Kepler-012		13.53		206		0.3		4.44		0.43		1.34		1767
KELT-06		10.42		49		0.3		7.85		0.43		2.06		1561
K2-141b		11.49		77		0.3		0.28		0.02		3.13		2573
K2-107		12.92		196		0.3		3.31		0.84		2.35		2106
K2-029		12.56		173		0.3		3.26		0.73		2.59		1388
HATS-21		12.19		125		0.3		3.55		0.33		1.92		1526
HATS-19		13.03		173		0.3		4.57		0.43		1.39		1843
HATS-16		13.83		263		0.3		2.69		3.27		3.92		1892
HATS-15		14.77		362		0.3		1.75		2.17		3.83		1776
HATS-12		12.76		181		0.3		3.14		2.39		3.48		2495
HAT-P-46		11.94		108		0.3		4.46		0.49		2.05		1727
HAT-P-43		13.36		182		0.3		3.33		0.66		2.35		1616
HAT-P-42		12.17		108		0.3		4.64		1.04		2.81		1699
HAT-P-37		13.23		210		0.3		2.80		1.17		3.08		1517
HAT-P-35		12.46		156		0.3		3.65		1.05		2.73		1902
HAT-P-28		13.03		170		0.3		3.26		0.63		2.40		1642
HAT-P-27		12.16		144		0.3		3.04		0.66		2.77		1439
HAT-P-21		11.69		93		0.3		4.12		4.06		4.61		1516
HAT-P-09		12.30		148		0.3		3.92		0.78		2.36		1832
CoRoT-18		15.00		417		0.3		1.90		3.27		3.99		1774
WASP-157		12.91		88		0.2		3.95		0.57		2.57		1551
WASP-151		12.87		101		0.2		4.53		0.36		1.89		1560
WASP-117		10.15		25		0.2		10.02		0.28		1.92		1218
WASP-107		11.59		60		0.2		5.72		0.12		1.29		876
WASP-089		13.09		129		0.2		3.36		5.90		4.95		1290
WASP-084		10.83		34		0.2		8.52		0.69		2.93		953
WASP-067		12.54		99		0.2		4.61		0.41		2.18		1244
WASP-061		12.50		119		0.2		3.86		2.06		3.58		1852
WASP-056		12.17		87		0.2		4.17		0.57		2.52		1450
WASP-042		12.57		87		0.2		4.98		0.53		2.38		1216
WASP-030		11.46		64		0.2		4.16		62.50		7.49		1779
WASP-029		11.21		63		0.2		3.92		0.24		2.35		1176
NGTS-1		15.52		363		0.2		2.65		0.81		2.48		942
Kepler-423		14.42		241		0.2		2.68		0.59		2.39		1642
Kepler-008		13.65		177		0.2		3.52		0.59		2.08		1978
Kepler-007		12.99		148		0.2		4.88		0.45		1.46		1927
Kepler-006		13.46		151		0.2		3.23		0.63		2.49		1726
Kepler-005		13.54		129		0.2		3.55		2.03		3.59		2014
K2-096b		8.94		15		0.2		0.96		0.02		2.88		2077
K2-030		13.53		125		0.2		4.10		0.62		2.43		1391
HATS-53		14.14		173		0.2		3.85		0.59		2.15		1558
HATS-45		13.31		118		0.2		4.19		0.70		2.40		1807
HATS-44		14.43		186		0.2		2.74		0.56		2.55		1404
HATS-43		13.59		124		0.2		4.39		0.26		1.58		1185
HATS-32		14.38		210		0.2		2.81		0.92		2.73		1707
HATS-29		12.61		113		0.2		4.61		0.65		2.38		1440
HATS-28		13.93		182		0.2		3.18		0.67		2.50		1490
HATS-27		12.77		131		0.2		4.64		0.53		1.81		1971
HATS-25		13.10		130		0.2		4.30		0.61		2.30		1518
HATS-14		13.79		161		0.2		2.77		1.07		3.25		1516
HATS-13		13.89		194		0.2		3.04		0.54		2.26		1481
HATS-11		14.02		226		0.2		3.62		0.83		2.28		1944
HATS-10		13.11		101		0.2		3.31		0.53		2.68		1673
HATS-04		13.46		173		0.2		2.52		1.32		3.50		1567
HAT-P-55		13.21		143		0.2		3.58		0.58		2.38		1561
HAT-P-52		14.07		162		0.2		2.75		0.82		3.04		1447
HAT-P-51		13.44		142		0.2		4.22		0.31		1.57		1416
HAT-P-48		12.16		94		0.2		4.41		0.17		1.23		1619
HAT-P-44		13.21		131		0.2		4.30		0.35		1.78		1314
HAT-P-31		11.66		82		0.2		5.00		2.17		3.90		1730
HAT-P-29		11.90		60		0.2		5.72		0.78		2.80		1496
HAT-P-25		13.19		142		0.2		3.65		0.57		2.34		1431
HAT-P-19		12.90		128		0.2		4.01		0.29		1.78		1201
HAT-P-12		12.80		130		0.2		3.21		0.21		1.83		1142
EPIC_246067459		13.75		174		0.2		3.21		0.86		2.58		1898
WTS-1		16.13		219		0.1		3.35		4.01		3.85		1773
WASP-156		11.57		27		0.1		3.84		0.13		2.55		1154
WASP-139		12.39		36		0.1		5.92		0.12		1.56		1092
WASP-132		12.40		36		0.1		7.13		0.41		2.64		905
WASP-130		11.11		16		0.1		11.55		1.23		3.70		989
WASP-129		12.12		47		0.1		5.75		1.00		3.40		1281
WASP-106		11.21		30		0.1		9.29		1.93		3.75		1341
WASP-105		12.06		35		0.1		7.87		1.80		3.93		1007
WASP-086		10.66		22		0.1		5.03		0.82		3.98		1647
WASP-083		12.87		67		0.1		4.97		0.30		1.97		1326
WASP-060		12.18		57		0.1		4.30		0.51		2.89		1568
OGLE-TR-211		15.00		133		0.1		3.68		0.75		2.50		2005
OGLE-TR-132		16.00		360		0.1		1.69		1.17		3.00		2368
OGLE-TR-010		15.80		316		0.1		3.10		0.68		1.79		2021
Kepler-435		13.77		96		0.1		8.60		0.84		1.71		2033
Kepler-433		14.62		99		0.1		5.33		2.82		3.55		2098
Kepler-428		15.47		135		0.1		3.53		1.27		3.34		1270
Kepler-426		14.99		151		0.1		3.22		0.34		2.00		1548
Kepler-425		14.95		96		0.1		3.80		0.25		1.91		1277
Kepler-077		14.10		99		0.1		3.58		0.43		2.49		1485
Kepler-045		16.63		249		0.1		2.46		0.50		2.56		936
Kepler-044		14.89		130		0.1		3.25		1.00		3.08		1830
Kepler-043		14.07		140		0.1		3.02		3.09		4.17		1906
Kepler-040		14.59		70		0.1		6.87		2.16		3.30		2076
Kepler-015		13.91		106		0.1		4.94		0.70		2.39		1488
Kepler-014		12.18		46		0.1		6.79		7.68		5.06		1910
Kepler-010b		11.10		13		0.1		0.84		0.01		2.87		2603
K2-113		13.68		57		0.1		5.82		1.29		3.66		1377
K2-106b		12.10		22		0.1		0.57		0.02		3.52		2652
K2-060		12.79		50		0.1		3.00		0.43		3.16		1574
K2-039		10.83		17		0.1		4.61		0.12		2.53		2013
HD_219134b		5.57		2		0.1		3.09		0.01		2.94		1207
HD_017156		8.17		9		0.1		21.22		3.26		4.31		1051
HATS-50		14.03		109		0.1		3.82		0.39		2.07		1616
HATS-46		13.63		61		0.1		4.74		0.17		1.71		1256
HATS-36		14.39		124		0.1		4.17		2.79		3.81		1621
HATS-22		13.46		78		0.1		4.72		2.74		4.36		1020
HATS-20		13.77		61		0.1		3.80		0.27		2.46		1363
HATS-08		14.03		76		0.1		3.58		0.14		1.55		1571
HATS-07		13.34		42		0.1		3.19		0.12		2.28		1289
HATS-06		15.16		165		0.1		3.33		0.32		2.12		858
HATS-05		12.63		61		0.1		4.76		0.24		2.00		1220
HAT-P-54		13.51		114		0.1		3.80		0.76		3.10		975
HAT-P-38		12.56		54		0.1		4.64		0.27		2.32		1284
HAT-P-26		11.74		30		0.1		4.24		0.06		1.57		1166
HAT-P-18		12.76		62		0.1		5.51		0.20		1.73		1000
HAT-P-17		10.54		28		0.1		10.34		0.53		2.61		927
HAT-P-15		12.16		26		0.1		10.86		1.95		3.78		1069
HAT-P-11		9.47		12		0.1		4.89		0.08		2.63		997
GJ_9827b		10.51		13		0.1		1.21		0.03		3.31		1383
GJ_1214		14.67		70		0.1		1.58		0.02		2.07		679
GJ_0436		10.68		30		0.1		2.64		0.08		2.74		753
EPIC_228735255		12.62		74		0.1		6.57		1.02		3.09		1325
EPIC_219388192		12.54		54		0.1		5.29		36.84		6.99		1385
CoRoT-26		15.76		125		0.1		4.21		0.52		2.14		1870
CoRoT-25		14.97		76		0.1		4.86		0.37		2.11		1572
CoRoT-23		15.63		131		0.1		3.63		3.06		4.04		2036
CoRoT-19		14.01		117		0.1		3.90		1.09		2.99		1938
CoRoT-17		15.46		95		0.1		3.77		2.46		4.14		1911
CoRoT-15		15.50		113		0.1		3.06		64.90		7.34		1985
CoRoT-14		16.03		313		0.1		1.51		7.67		5.26		2304
CoRoT-13		15.04		131		0.1		4.04		1.31		3.08		1704
CoRoT-12		15.52		256		0.1		2.83		0.89		2.54		1677
CoRoT-05		14.00		121		0.1		4.04		0.47		2.16		1604
CoRoT-03		13.29		70		0.1		4.26		21.96		6.27		1963
WASP-059		13.00		26		0.0		7.92		0.86		3.62		791
TRAPPIST-1h		18.80		0		0.0		18.77		0.00		0.48		202
TRAPPIST-1g		18.80		1		0.0		12.36		0.00		1.48		232
TRAPPIST-1f		18.80		1		0.0		9.21		0.00		1.17		256
TRAPPIST-1e		18.80		1		0.0		6.10		0.00		1.14		293
TRAPPIST-1d		18.80		2		0.0		4.05		0.00		1.66		336
TRAPPIST-1c		18.80		8		0.0		2.42		0.01		2.62		399
TRAPPIST-1b		18.80		16		0.0		1.51		0.00		1.86		467
OGLE-TR-182		16.84		174		0.0		3.98		1.06		2.54		1842
OGLE-TR-111		16.00		102		0.0		4.01		0.55		2.64		1213
LHS_6343		13.44		21		0.0		12.71		62.10		7.87		426
LHS_1140		14.15		0		0.0		24.74		0.02		3.50		262
KOI-205		14.76		14		0.0		11.72		40.80		7.36		909
Kepler-539		12.53		0		0.0		125.63		0.97		3.81		461
Kepler-434		14.65		21		0.0		12.88		2.86		4.06		1190
Kepler-432		12.44		3		0.0		50.50		5.41		4.67		1057
Kepler-427		14.31		39		0.0		10.29		0.29		1.60		1281
Kepler-420		14.88		1		0.0		86.65		1.45		3.75		545
Kepler-117c		14.48		3		0.0		50.79		1.84		3.67		844
Kepler-117b		14.48		5		0.0		18.80		0.09		1.55		1176
Kepler-101b		13.99		25		0.0		3.49		0.16		2.76		1865
Kepler-093b		9.93		1		0.0		4.73		0.01		2.93		1348
Kepler-089e		12.33		0		0.0		54.32		0.11		2.12		792
Kepler-089d		12.33		7		0.0		22.34		0.33		2.15		1065
Kepler-089c		12.33		3		0.0		10.42		0.05		2.15		1373
Kepler-089b		12.33		1		0.0		3.74		0.03		3.60		1932
Kepler-087c		14.78		0		0.0		191.23		0.02		0.55		527
Kepler-087b		14.78		1		0.0		114.74		1.02		2.91		625
Kepler-080c		15.18		2		0.0		9.52		0.02		2.22		762
Kepler-080b		15.18		2		0.0		7.05		0.02		2.30		842
Kepler-075		15.52		35		0.0		8.88		10.10		5.47		984
Kepler-074		14.56		32		0.0		7.34		0.63		2.88		1303
Kepler-068b		10.11		2		0.0		5.40		0.02		2.45		1491
Kepler-051d		14.83		0		0.0		130.18		0.02		-0.19		454
Kepler-051c		14.83		0		0.0		85.31		0.01		-0.67		523
Kepler-051b		14.83		1		0.0		45.16		0.01		-0.85		646
Kepler-046b		15.49		3		0.0		33.60		0.89		3.55		645
Kepler-039		14.33		10		0.0		21.09		19.10		6.00		1012
Kepler-036c		12.22		1		0.0		16.24		0.02		1.78		1207
Kepler-036b		12.22		0		0.0		13.84		0.01		2.99		1273
Kepler-022		11.81		0		0.0		289.86		0.02		2.52		340
Kepler-021		8.25		2		0.0		2.79		0.02		2.97		2409
Kepler-020d		12.65		0		0.0		77.61		0.03		2.63		523
Kepler-020c		12.65		1		0.0		10.85		0.04		2.64		1005
Kepler-020b		12.65		2		0.0		3.70		0.03		3.35		1438
Kepler-016		12.23		0		0.0		221.78		0.33		2.72		245
Kepler-010c		11.10		0		0.0		45.29		0.02		2.62		688
Kepler-004		12.09		14		0.0		3.21		0.07		2.66		1929
K2-111		11.14		1		0.0		5.35		0.03		3.19		1463
K2-110		11.91		1		0.0		13.86		0.05		3.24		759
K2-108		12.47		14		0.0		4.73		0.19		3.08		1735
K2-106c		12.10		1		0.0		13.34		0.02		2.34		939
K2-098		12.17		3		0.0		10.14		0.10		2.90		1309
K2-096c		8.94		0		0.0		29.84		0.03		2.40		660
K2-066		11.71		3		0.0		5.07		0.07		3.56		1784
K2-056		11.04		0		0.0		41.69		0.05		3.51		649
K2-038c		11.39		1		0.0		10.56		0.03		2.85		1115
K2-038b		11.39		1		0.0		4.02		0.04		3.95		1540
K2-032d		12.31		0		0.0		31.72		0.03		2.18		645
K2-032b		12.31		7		0.0		8.99		0.05		1.86		981
K2-027b		12.64		7		0.0		6.77		0.10		2.76		1094
K2-024c		11.28		1		0.0		42.36		0.08		1.47		729
K2-024b		11.28		2		0.0		20.89		0.06		1.83		923
K2-018b		13.50		0		0.0		32.94		0.03		2.75		336
HD_219134c		5.57		0		0.0		6.76		0.01		2.97		930
HD_106315c		8.95		1		0.0		21.06		0.05		2.11		1039
HD_106315b		8.95		1		0.0		9.55		0.04		3.08		1352
HD_097658		7.71		1		0.0		9.49		0.02		2.73		902
HD_080606		9.06		1		0.0		111.44		4.11		4.66		482
HATS-17		12.39		7		0.0		16.25		1.34		4.05		968
GJ_9827d		10.51		2		0.0		6.20		0.01		2.18		798
GJ_9827c		10.51		1		0.0		3.65		0.01		2.64		954
GJ_3470		12.27		20		0.0		3.34		0.04		2.24		769
GJ_1132		13.49		29		0.0		1.63		0.01		1.43		765
EPIC_218916923		11.65		4		0.0		28.38		0.38		2.71		661
EPIC_211442297		13.34		14		0.0		20.27		0.84		2.87		807
EPIC_211418729		14.57		22		0.0		11.39		1.85		3.99		858
CoRoT-32		14.47		14		0.0		6.72		0.15		2.48		1142
CoRoT-27		15.54		97		0.0		3.58		10.39		5.58		1612
CoRoT-24c		13.20		4		0.0		11.76		0.09		2.47		841
CoRoT-20		14.66		36		0.0		9.24		5.06		4.58		1307
CoRoT-10		15.22		17		0.0		13.24		2.78		4.40		771
CoRoT-09		13.69		1		0.0		95.27		0.84		2.95		497
CoRoT-08		14.76		27		0.0		6.21		0.22		2.40		1097
CoRoT-07		11.72		15		0.0		0.85		0.02		3.16		2094
CoRoT-06		13.91		41		0.0		8.89		2.96		4.00		1220
CoRoT-04		14.00		35		0.0		9.20		0.73		2.65		1260
